Starting preprocessing of the model file ...
Found 35 equation(s).
Evaluating expressions...done
Computing static model derivatives (order 1).
Computing dynamic model derivatives (order 1).
Processing outputs ...
done
Preprocessing completed.
DYNARE_SOLVE (solve_algo=2|4): number of blocks = 8
DYNARE_SOLVE (solve_algo=2|4): solving block 7, of size 1
DYNARE_SOLVE (solve_algo=2|4): solving block 6, of size 1
DYNARE_SOLVE (solve_algo=2|4): solving block 5, of size 1
DYNARE_SOLVE (solve_algo=2|4): solving block 4, of size 1
DYNARE_SOLVE (solve_algo=2|4): solving block 3, of size 1
DYNARE_SOLVE (solve_algo=2|4): solving block 2, of size 29
DYNARE_SOLVE (solve_algo=2|4): solving block 1, of size 1
MODEL_DIAGNOSTICS:  No obvious problems with this mod-file were detected.

STEADY-STATE RESULTS:

c_e      		 0.325332
c        		 0.53906
l        		 0.204433
i        		 0.167141
i_N      		 0.111639
i_T      		 0.0555023
k_N      		 3.72129
k_T      		 1.85008
w        		 2.47072
w_N      		 2.94213
w_T      		 1.8797
r_N      		 0.0643998
r_T      		 0.0643998
l_N      		 0.122182
l_T      		 0.0774703
p_N      		 1.92364
s        		 0.410793
y_N      		 0.311455
y_T      		 0.30689
p_X      		 0.862737
p_G      		 1.20201
b        		 0.431775
q        		 0.98
y        		 0.863892
lambdaa  		 0.877386
Q_N      		 1
Q_T      		 1
D_N      		 0.415346
r        		 1.02041
tauu     		 0.217262
g        		 0.128238
a_N      		 0.65
a_T      		 0.95
xi       		 2.10018
DeudaPIB 		 0.499802

EIGENVALUES:
         Modulus             Real        Imaginary

        3.52e-17         3.52e-17                0
          0.3783           0.3783                0
          0.7184           0.7184                0
            0.76             0.76                0
            0.82             0.82                0
            0.82             0.82                0
          0.8293           0.8293                0
          0.9703           0.9703                0
           1.064            1.064                0
            1.24             1.24                0
       1.356e+17        1.356e+17                0
       1.505e+18       -1.505e+18                0
       4.559e+18        4.559e+18                0
       1.145e+19        1.145e+19                0
        2.91e+19        -2.91e+19                0
       1.327e+20       -1.327e+20                0


There are 8 eigenvalue(s) larger than 1 in modulus 
for 8 forward-looking variable(s)

The rank condition is verified.


MODEL SUMMARY

  Number of variables:         35
  Number of stochastic shocks: 5
  Number of state variables:   8
  Number of jumpers:           8
  Number of static variables:  19


MATRIX OF COVARIANCE OF EXOGENOUS SHOCKS
Variables        v_tau        v_g      v_a_N      v_a_T       v_xi
v_tau        82.992100   0.000000   0.000000   0.000000   0.000000
v_g           0.000000   5.382400   0.000000   0.000000   0.000000
v_a_N         0.000000   0.000000   2.190400   0.000000   0.000000
v_a_T         0.000000   0.000000   0.000000   2.190400   0.000000
v_xi          0.000000   0.000000   0.000000   0.000000   8.236900

POLICY AND TRANSITION FUNCTIONS
                                 c_e               c               l               i             i_N             i_T             k_N             k_T               w             w_N             w_T             r_N             r_T             l_N             l_T             p_N               s             y_N             y_T             p_X             p_G               b               q               y         lambdaa             Q_N             Q_T             D_N               r            tauu               g             a_N             a_T              xi        DeudaPIB
Constant                    0.325332        0.539060        0.204433        0.167141        0.111639        0.055502        3.721293        1.850076        2.470716        2.942129        1.879703        0.064400        0.064400        0.122182        0.077470        1.923635        0.410793        0.311455        0.306890        0.862737        1.202008        0.431775        0.980000        0.863892        0.877386        1.000000        1.000000        0.415346        1.020408        0.217262        0.128238        0.650000        0.950000        2.100177        0.499802
k_N(-1)                     0.013798        0.048337       -0.006058       -0.012205       -0.058344        0.046139        0.911656        0.046139        0.196644        0.153009        0.277599       -0.017641        0.011987       -0.006991        0.002979       -0.150756        0.067776        0.022786        0.006491        0.142342       -0.030067       -0.033036               0        0.046161       -0.121832       -0.040358        0.042396        0.016064               0               0               0               0               0               0       -0.026706
k_T(-1)                     0.014249        0.049918       -0.005057       -0.005353        0.092671       -0.098024        0.092671        0.871976        0.232070        0.353039        0.055606        0.007813       -0.038641        0.000163       -0.006901        0.231849       -0.104233        0.000249        0.059610       -0.218909        0.046240       -0.018233               0        0.056936       -0.125817        0.042335       -0.117639        0.022358               0               0               0               0               0               0       -0.032940
b(-1)                      -0.007531       -0.026383       -0.009519       -0.110699       -0.111093        0.000394       -0.111093        0.000394       -0.003005       -0.301196        0.467102       -0.016106        0.029086       -0.018049        0.015738       -0.310593        0.139635       -0.027605        0.034290        0.293258       -0.061945        0.738317               0       -0.030257        0.066498       -0.050751        0.000362       -0.066320               0        0.131265               0               0               0               0        1.175057
y(-1)                       0.025078        0.018323        0.001240       -0.014953       -0.011145       -0.003808       -0.011145       -0.003808        0.003130        0.058507       -0.084017        0.002870       -0.005448        0.003016       -0.003091        0.057247       -0.025737        0.004613       -0.006735       -0.054052        0.011417        0.045083               0        0.004305        0.009530       -0.005091       -0.003499        0.011590               0               0        0.014844               0               0               0       -0.002491
g(-1)                       0.625071        0.456699        0.030902       -0.372707       -0.277794       -0.094913       -0.277794       -0.094913        0.078004        1.458324       -2.094153        0.071544       -0.135792        0.075174       -0.077044        1.426900       -0.641498        0.114975       -0.167861       -1.347260        0.284581        1.123722               0        0.107305        0.237551       -0.126905       -0.087214        0.288887               0               0        0.370000               0               0               0       -0.062081
a_N(-1)                     0.041841        0.146584        0.030121        0.469808        0.204875        0.264934        0.204875        0.264934        1.768467        0.975638        3.128015        0.006104        0.177729       -0.028935        0.084882       -1.971067        0.886142        0.348657        0.184938        1.861055       -0.393110       -0.531202               0        0.787483       -0.369459        0.093593        0.243442        0.277699               0               0               0        0.820000               0               0       -0.455595
a_T(-1)                     0.014171        0.049646        0.012730        0.166789        0.165143        0.001646        0.165143        0.001646        0.660072        1.004283        0.157935        0.030770       -0.002373        0.016673       -0.009364        0.761623       -0.342407        0.025500        0.244494       -0.719114        0.151898       -0.108185               0        0.276510       -0.125130        0.075442        0.001512        0.106363               0               0               0               0        0.820000               0       -0.159974
xi(-1)                      0.005395        0.018900        0.005798        0.072714        0.067255        0.005460        0.067255        0.005460        0.274277        0.417309        0.065622        0.012946       -0.000826        0.007232       -0.003699        0.318389       -0.143139        0.011060       -0.008058        0.011584        0.063499       -0.046009               0        0.117043       -0.047636        0.030724        0.005017        0.044998               0               0               0               0               0        0.760000       -0.067715
v_tau                      -0.007930       -0.027782       -0.019577       -0.206369       -0.113944       -0.092425       -0.113944       -0.092425        0.015394       -0.467554        0.778026       -0.027037        0.046743       -0.031879        0.024164       -0.506457        0.227690       -0.048757        0.052648        0.478190       -0.101008       -0.461482               0       -0.059356        0.070024       -0.052053       -0.084928       -0.113136               0        0.217262               0               0               0               0        0.034340
v_g                         0.216643        0.158287        0.010710       -0.129177       -0.096281       -0.032896       -0.096281       -0.032896        0.027036        0.505441       -0.725813        0.024796       -0.047064        0.026054       -0.026703        0.494550       -0.222337        0.039849       -0.058179       -0.466947        0.098633        0.389471               0        0.037191        0.082333       -0.043984       -0.030228        0.100126               0               0        0.128238               0               0               0       -0.021517
v_a_N                       0.033167        0.116195        0.023877        0.372409        0.162401        0.210008        0.162401        0.210008        1.401834        0.773372        2.479524        0.004839        0.140882       -0.022937        0.067284       -1.562431        0.702430        0.276375        0.146597        1.475226       -0.311612       -0.421075               0        0.624224       -0.292864        0.074190        0.192973        0.220127               0               0               0        0.650000               0               0       -0.361143
v_a_T                       0.016418        0.057516        0.014748        0.193231        0.191324        0.001907        0.191324        0.001907        0.764718        1.163499        0.182973        0.035649       -0.002749        0.019316       -0.010848        0.882368       -0.396690        0.029543        0.283255       -0.833120        0.175980       -0.125336               0        0.320347       -0.144967        0.087403        0.001752        0.123226               0               0               0               0        0.950000               0       -0.185335
v_xi                        0.014908        0.052227        0.016021        0.200939        0.185851        0.015088        0.185851        0.015088        0.757936        1.153188        0.181339        0.035775       -0.002283        0.019984       -0.010220        0.879832       -0.395550        0.030564       -0.022268        0.032012        0.175474       -0.127140               0        0.323436       -0.131635        0.084902        0.013864        0.124347               0               0               0               0               0        2.100177       -0.187123


MOMENTS OF SIMULATED VARIABLES
VARIABLE              MEAN       STD. DEV.        VARIANCE        SKEWNESS        KURTOSIS
c_e               0.437363        0.697203        0.486092       -0.033328       -0.433355
c                 0.837335        1.396240        1.949485       -0.015102       -0.562055
l                 0.195949        0.240551        0.057865        0.013815        0.551345
i                 0.307301        2.683009        7.198539       -0.073591        0.130082
i_N               0.208479        1.808576        3.270947       -0.037413        0.129190
i_T               0.098821        1.016015        1.032286       -0.105892       -0.060549
k_N               6.739213       14.075275      198.113356        0.042148       -0.563455
k_T               3.217267        6.308027       39.791208       -0.097327       -1.000614
w                 3.870071        7.896253       62.350806        0.122455       -0.468358
w_N               4.560338       11.213112      125.733887        0.087834       -0.301558
w_T               3.020252        9.923863       98.483047       -0.050764       -0.081713
r_N               0.043979        0.369762        0.136724        0.015385        0.281147
r_T               0.055896        0.536880        0.288241        0.177428        0.454787
l_N               0.115112        0.345086        0.119084       -0.068730        0.262417
l_T               0.077385        0.283721        0.080498        0.175636        0.250722
p_N               1.807598        7.814763       61.070516       -0.032901        0.013927
s                 0.462960        3.513320       12.343419        0.032901        0.013927
y_N               0.483525        1.081220        1.169037       -0.089100       -0.611191
y_T               0.404375        1.041455        1.084628       -0.154087        0.069937
p_X               1.111215        5.786906       33.488284        0.110521        0.018607
p_G               1.178866        1.558578        2.429166       -0.032901        0.013927
b                -0.551524        7.821530       61.176329        0.205968        0.204310
q                 0.980000        0.000000        0.000000             NaN             NaN
y                 1.319111        3.096014        9.585303        0.163762       -0.408819
lambdaa           0.201084        3.211805       10.315693       -0.026501       -0.612330
Q_N               1.002968        0.815772        0.665484       -0.037205        0.300749
Q_T               1.002182        0.931411        0.867526       -0.037660        0.173401
D_N               0.633788        1.769190        3.130033        0.013411       -0.276164
r                 1.020408        0.000000        0.000000             NaN             NaN
tauu              0.122207        2.209419        4.881532        0.148648        0.202858
g                 0.148351        0.321675        0.103475        0.098202       -0.129937
a_N               0.821270        1.595064        2.544230       -0.273840       -0.701855
a_T               0.936979        2.452846        6.016452       -0.146457       -0.198791
xi                2.438345       10.129698      102.610779        0.363377       -0.053311
DeudaPIB         -0.892752       10.016010      100.320465        0.162733        0.031457


CORRELATION OF SIMULATED VARIABLES
VARIABLE         c_e         c         l         i       i_N       i_T       k_N       k_T         w       w_N       w_T       r_N       r_T       l_N       l_T       p_N         s       y_N       y_T       p_X       p_G         b         q         y   lambdaa       Q_N       Q_T       D_N         r      tauu         g       a_N       a_T        xi  DeudaPIB
c_e           1.0000    0.8276    0.2278    0.2942    0.2915    0.2579    0.5663    0.5110    0.6043    0.6570    0.0980    0.2233   -0.2733    0.2976   -0.3128    0.2985   -0.2985    0.6141    0.1866   -0.1880    0.2985   -0.2180       NaN    0.5935   -0.5858    0.1663    0.1682    0.6257       NaN   -0.2654    0.8541    0.3270    0.2017    0.2678   -0.4366
c             0.8276    1.0000    0.2076    0.5140    0.5075    0.4539    0.8937    0.8215    0.8614    0.8646    0.2680    0.1482   -0.2771    0.2784   -0.2988    0.3063   -0.3063    0.8173    0.3556   -0.1321    0.3063   -0.3796       NaN    0.8173   -0.9397    0.3121    0.3109    0.7946       NaN   -0.4164    0.4150    0.4373    0.2419    0.3595   -0.6111
l             0.2278    0.2076    1.0000    0.8857    0.8572    0.8131   -0.1012   -0.1736    0.2305    0.5598   -0.5135    0.9633   -0.4692    0.9112   -0.6202    0.6699   -0.6699    0.5720   -0.3157   -0.5831    0.6699    0.1099       NaN    0.4848   -0.1609    0.9197    0.8736    0.7473       NaN   -0.7814    0.1769    0.3142    0.2555    0.3769   -0.3684
i             0.2942    0.5140    0.8857    1.0000    0.9724    0.9097    0.3087    0.2230    0.5597    0.7989   -0.2484    0.8058   -0.4364    0.8137   -0.5619    0.6253   -0.6253    0.8072   -0.0695   -0.4671    0.6253   -0.1025       NaN    0.7458   -0.5629    0.9401    0.8972    0.9203       NaN   -0.8348    0.0006    0.4633    0.3002    0.4592   -0.5612
i_N           0.2915    0.5075    0.8572    0.9724    1.0000    0.7878    0.2939    0.1827    0.6115    0.8294   -0.1940    0.8241   -0.3827    0.7844   -0.5380    0.6784   -0.6784    0.7548    0.0060   -0.4495    0.6784   -0.2219       NaN    0.7843   -0.5552    0.9725    0.7789    0.8999       NaN   -0.7423    0.0023    0.4211    0.3934    0.5779   -0.6196
i_T           0.2579    0.4539    0.8131    0.9097    0.7878    1.0000    0.2919    0.2636    0.3895    0.6332   -0.3105    0.6609   -0.4711    0.7524   -0.5263    0.4437   -0.4437    0.7880   -0.1943   -0.4334    0.4437    0.1242       NaN    0.5732   -0.4982    0.7514    0.9826    0.8284       NaN   -0.8831   -0.0025    0.4740    0.0924    0.1840   -0.3791
k_N           0.5663    0.8937   -0.1012    0.3087    0.2939    0.2919    1.0000    0.9187    0.7476    0.6969    0.3277   -0.1651   -0.2534    0.0524   -0.2125    0.1715   -0.1715    0.6071    0.3762   -0.0485    0.1715   -0.3719       NaN    0.6240   -0.9454    0.0631    0.1248    0.5667       NaN   -0.2953    0.0900    0.2111    0.1263    0.2367   -0.4995
k_T           0.5110    0.8215   -0.1736    0.2230    0.1827    0.2636    0.9187    1.0000    0.6530    0.5660    0.3624   -0.2556   -0.2196   -0.0474   -0.1032    0.0061   -0.0061    0.5757    0.3906    0.0313    0.0061   -0.1796       NaN    0.5228   -0.8749   -0.0332    0.0799    0.4717       NaN   -0.2505    0.0671    0.2782    0.0072    0.0543   -0.2958
w             0.6043    0.8614    0.2305    0.5597    0.6115    0.3895    0.7476    0.6530    1.0000    0.8799    0.5318    0.2044    0.0738    0.1518   -0.0320    0.2637   -0.2637    0.7808    0.5834    0.1059    0.2637   -0.4860       NaN    0.9619   -0.8757    0.4563    0.2768    0.7470       NaN   -0.1956    0.1813    0.5745    0.4301    0.6150   -0.5579
w_N           0.6570    0.8646    0.5598    0.7989    0.8294    0.6332    0.6969    0.5660    0.8799    1.0000    0.0654    0.5516   -0.3711    0.5870   -0.4937    0.6465   -0.6465    0.8189    0.2613   -0.3503    0.6465   -0.2862       NaN    0.9333   -0.8482    0.6961    0.5453    0.9387       NaN   -0.5705    0.2638    0.3779    0.4444    0.6591   -0.6097
w_T           0.0980    0.2680   -0.5135   -0.2484   -0.1940   -0.3105    0.3277    0.3624    0.5318    0.0654    1.0000   -0.5539    0.8163   -0.7274    0.8125   -0.5982    0.5982    0.1800    0.7592    0.8466   -0.5982   -0.5103       NaN    0.3566   -0.3272   -0.2825   -0.3906   -0.1043       NaN    0.6059   -0.0894    0.5329    0.1113    0.1166   -0.0848
r_N           0.2233    0.1482    0.9633    0.8058    0.8241    0.6609   -0.1651   -0.2556    0.2044    0.5516   -0.5539    1.0000   -0.4913    0.9144   -0.6673    0.7915   -0.7915    0.4234   -0.2975   -0.6498    0.7915    0.1462       NaN    0.4475   -0.0780    0.9007    0.7322    0.6772       NaN   -0.6729    0.2246    0.1397    0.3514    0.4997   -0.2893
r_T          -0.2733   -0.2771   -0.4692   -0.4364   -0.3827   -0.4711   -0.2534   -0.2196    0.0738   -0.3711    0.8163   -0.4913    1.0000   -0.7798    0.9616   -0.7367    0.7367   -0.1798    0.5155    0.9068   -0.7367   -0.3604       NaN   -0.0302    0.2336   -0.3378   -0.4445   -0.4557       NaN    0.7778   -0.1862    0.4140    0.0153   -0.0453    0.1535
l_N           0.2976    0.2784    0.9112    0.8137    0.7844    0.7524    0.0524   -0.0474    0.1518    0.5870   -0.7274    0.9144   -0.7798    1.0000   -0.8883    0.8530   -0.8530    0.4599   -0.4390   -0.8355    0.8530    0.2095       NaN    0.3729   -0.2207    0.8062    0.7866    0.7327       NaN   -0.8740    0.2245   -0.0093    0.2194    0.3506   -0.3450
l_T          -0.3128   -0.2988   -0.6202   -0.5619   -0.5380   -0.5263   -0.2125   -0.1032   -0.0320   -0.4937    0.8125   -0.6673    0.9616   -0.8883    1.0000   -0.8773    0.8773   -0.2380    0.4839    0.9407   -0.8773   -0.2763       NaN   -0.1696    0.2408   -0.5099   -0.5240   -0.5622       NaN    0.7931   -0.2302    0.3678   -0.1329   -0.2474    0.2463
p_N           0.2985    0.3063    0.6699    0.6253    0.6784    0.4437    0.1715    0.0061    0.2637    0.6465   -0.5982    0.7915   -0.7367    0.8530   -0.8773    1.0000   -1.0000    0.2335   -0.2431   -0.8269    1.0000    0.1727       NaN    0.3981   -0.2605    0.6665    0.4574    0.6099       NaN   -0.5976    0.2000   -0.3124    0.4050    0.6232   -0.2333
s            -0.2985   -0.3063   -0.6699   -0.6253   -0.6784   -0.4437   -0.1715   -0.0061   -0.2637   -0.6465    0.5982   -0.7915    0.7367   -0.8530    0.8773   -1.0000    1.0000   -0.2335    0.2431    0.8269   -1.0000   -0.1727       NaN   -0.3981    0.2605   -0.6665   -0.4574   -0.6099       NaN    0.5976   -0.2000    0.3124   -0.4050   -0.6232    0.2333
y_N           0.6141    0.8173    0.5720    0.8072    0.7548    0.7880    0.6071    0.5757    0.7808    0.8189    0.1800    0.4234   -0.1798    0.4599   -0.2380    0.2335   -0.2335    1.0000    0.2142   -0.0966    0.2335   -0.3459       NaN    0.8621   -0.8059    0.6402    0.7035    0.9130       NaN   -0.6380    0.2382    0.7729    0.1924    0.2796   -0.6771
y_T           0.1866    0.3556   -0.3157   -0.0695    0.0060   -0.1943    0.3762    0.3906    0.5834    0.2613    0.7592   -0.2975    0.5155   -0.4390    0.4839   -0.2431    0.2431    0.2142    1.0000    0.3558   -0.2431   -0.3541       NaN    0.4471   -0.3997   -0.0855   -0.2759    0.0726       NaN    0.4053   -0.0270    0.3676    0.6784    0.0638   -0.0769
p_X          -0.1880   -0.1321   -0.5831   -0.4671   -0.4495   -0.4334   -0.0485    0.0313    0.1059   -0.3503    0.8466   -0.6498    0.9068   -0.8355    0.9407   -0.8269    0.8269   -0.0966    0.3558    1.0000   -0.8269   -0.3734       NaN   -0.0381    0.0762   -0.4575   -0.4539   -0.4258       NaN    0.7049   -0.1824    0.4343   -0.3282   -0.0756    0.1066
p_G           0.2985    0.3063    0.6699    0.6253    0.6784    0.4437    0.1715    0.0061    0.2637    0.6465   -0.5982    0.7915   -0.7367    0.8530   -0.8773    1.0000   -1.0000    0.2335   -0.2431   -0.8269    1.0000    0.1727       NaN    0.3981   -0.2605    0.6665    0.4574    0.6099       NaN   -0.5976    0.2000   -0.3124    0.4050    0.6232   -0.2333
b            -0.2180   -0.3796    0.1099   -0.1025   -0.2219    0.1242   -0.3719   -0.1796   -0.4860   -0.2862   -0.5103    0.1462   -0.3604    0.2095   -0.2763    0.1727   -0.1727   -0.3459   -0.3541   -0.3734    0.1727    1.0000       NaN   -0.4136    0.4154   -0.1410    0.1629   -0.2094       NaN   -0.1032   -0.0015   -0.4157   -0.1276   -0.2131    0.8181
q                NaN       NaN       NaN       NaN       NaN       NaN       NaN       NaN       NaN       NaN       NaN       NaN       NaN       NaN       NaN       NaN       NaN       NaN       NaN       NaN       NaN       NaN       NaN       NaN       NaN       NaN       NaN       NaN       NaN       NaN       NaN       NaN       NaN       NaN       NaN
y             0.5935    0.8173    0.4848    0.7458    0.7843    0.5732    0.6240    0.5228    0.9619    0.9333    0.3566    0.4475   -0.0302    0.3729   -0.1696    0.3981   -0.3981    0.8621    0.4471   -0.0381    0.3981   -0.4136       NaN    1.0000   -0.8185    0.6668    0.4917    0.8696       NaN   -0.3765    0.2048    0.6295    0.4562    0.6529   -0.5994
lambdaa      -0.5858   -0.9397   -0.1609   -0.5629   -0.5552   -0.4982   -0.9454   -0.8749   -0.8757   -0.8482   -0.3272   -0.0780    0.2336   -0.2207    0.2408   -0.2605    0.2605   -0.8059   -0.3997    0.0762   -0.2605    0.4154       NaN   -0.8185    1.0000   -0.3493   -0.3465   -0.7661       NaN    0.4395   -0.0788   -0.4322   -0.2264   -0.3559    0.6165
Q_N           0.1663    0.3121    0.9197    0.9401    0.9725    0.7514    0.0631   -0.0332    0.4563    0.6961   -0.2825    0.9007   -0.3378    0.8062   -0.5099    0.6665   -0.6665    0.6402   -0.0855   -0.4575    0.6665   -0.1410       NaN    0.6668   -0.3493    1.0000    0.7829    0.8014       NaN   -0.7031   -0.0195    0.3882    0.3800    0.5457   -0.5252
Q_T           0.1682    0.3109    0.8736    0.8972    0.7789    0.9826    0.1248    0.0799    0.2768    0.5453   -0.3906    0.7322   -0.4445    0.7866   -0.5240    0.4574   -0.4574    0.7035   -0.2759   -0.4539    0.4574    0.1629       NaN    0.4917   -0.3465    0.7829    1.0000    0.7653       NaN   -0.8643   -0.0155    0.4362    0.0941    0.1797   -0.3348
D_N           0.6257    0.7946    0.7473    0.9203    0.8999    0.8284    0.5667    0.4717    0.7470    0.9387   -0.1043    0.6772   -0.4557    0.7327   -0.5622    0.6099   -0.6099    0.9130    0.0726   -0.4258    0.6099   -0.2094       NaN    0.8696   -0.7661    0.8014    0.7653    1.0000       NaN   -0.7708    0.2780    0.4988    0.3267    0.4894   -0.6497
r                NaN       NaN       NaN       NaN       NaN       NaN       NaN       NaN       NaN       NaN       NaN       NaN       NaN       NaN       NaN       NaN       NaN       NaN       NaN       NaN       NaN       NaN       NaN       NaN       NaN       NaN       NaN       NaN       NaN       NaN       NaN       NaN       NaN       NaN       NaN
tauu         -0.2654   -0.4164   -0.7814   -0.8348   -0.7423   -0.8831   -0.2953   -0.2505   -0.1956   -0.5705    0.6059   -0.6729    0.7778   -0.8740    0.7931   -0.5976    0.5976   -0.6380    0.4053    0.7049   -0.5976   -0.1032       NaN   -0.3765    0.4395   -0.7031   -0.8643   -0.7708       NaN    1.0000   -0.0444   -0.1720   -0.0196   -0.0795    0.4750
g             0.8541    0.4150    0.1769    0.0006    0.0023   -0.0025    0.0900    0.0671    0.1813    0.2638   -0.0894    0.2246   -0.1862    0.2245   -0.2302    0.2000   -0.2000    0.2382   -0.0270   -0.1824    0.2000   -0.0015       NaN    0.2048   -0.0788   -0.0195   -0.0155    0.2780       NaN   -0.0444    1.0000    0.1249    0.1028    0.1010   -0.1414
a_N           0.3270    0.4373    0.3142    0.4633    0.4211    0.4740    0.2111    0.2782    0.5745    0.3779    0.5329    0.1397    0.4140   -0.0093    0.3678   -0.3124    0.3124    0.7729    0.3676    0.4343   -0.3124   -0.4157       NaN    0.6295   -0.4322    0.3882    0.4362    0.4988       NaN   -0.1720    0.1249    1.0000    0.0725    0.0501   -0.4527
a_T           0.2017    0.2419    0.2555    0.3002    0.3934    0.0924    0.1263    0.0072    0.4301    0.4444    0.1113    0.3514    0.0153    0.2194   -0.1329    0.4050   -0.4050    0.1924    0.6784   -0.3282    0.4050   -0.1276       NaN    0.4562   -0.2264    0.3800    0.0941    0.3267       NaN   -0.0196    0.1028    0.0725    1.0000    0.2617   -0.1493
xi            0.2678    0.3595    0.3769    0.4592    0.5779    0.1840    0.2367    0.0543    0.6150    0.6591    0.1166    0.4997   -0.0453    0.3506   -0.2474    0.6232   -0.6232    0.2796    0.0638   -0.0756    0.6232   -0.2131       NaN    0.6529   -0.3559    0.5457    0.1797    0.4894       NaN   -0.0795    0.1010    0.0501    0.2617    1.0000   -0.2654
DeudaPIB     -0.4366   -0.6111   -0.3684   -0.5612   -0.6196   -0.3791   -0.4995   -0.2958   -0.5579   -0.6097   -0.0848   -0.2893    0.1535   -0.3450    0.2463   -0.2333    0.2333   -0.6771   -0.0769    0.1066   -0.2333    0.8181       NaN   -0.5994    0.6165   -0.5252   -0.3348   -0.6497       NaN    0.4750   -0.1414   -0.4527   -0.1493   -0.2654    1.0000


AUTOCORRELATION OF SIMULATED VARIABLES
VARIABLE         1       2       3       4       5
c_e         0.5930  0.4630  0.3512  0.2914  0.2480
c           0.8947  0.8489  0.7994  0.7646  0.7301
l           0.2564  0.2247  0.1093  0.1474  0.1139
i           0.3176  0.3001  0.1912  0.2146  0.1852
i_N         0.4147  0.3766  0.2617  0.2572  0.2131
i_T         0.2525  0.2020  0.0792  0.1059  0.0913
k_N         0.9895  0.9754  0.9559  0.9328  0.9062
k_T         0.9848  0.9662  0.9435  0.9192  0.8929
w           0.9086  0.8346  0.7631  0.6881  0.6458
w_N         0.7507  0.6838  0.5953  0.5530  0.5029
w_T         0.2632  0.2377  0.1602  0.1741  0.1532
r_N         0.3357  0.2897  0.1755  0.1928  0.1444
r_T         0.1524  0.1290  0.0416  0.0654  0.0383
l_N         0.0667  0.0542 -0.0510  0.0153 -0.0135
l_T         0.1491  0.1172  0.0200  0.0506  0.0158
p_N         0.4254  0.3545  0.2444  0.2261  0.1635
s           0.4254  0.3545  0.2444  0.2261  0.1635
y_N         0.7198  0.6492  0.5547  0.5203  0.4804
y_T         0.5558  0.4593  0.3451  0.3042  0.2200
p_X         0.2150  0.1649  0.0743  0.0754  0.0484
p_G         0.4254  0.3545  0.2444  0.2261  0.1635
b           0.8217  0.6579  0.5121  0.4179  0.3533
q              NaN     NaN     NaN     NaN     NaN
y           0.8544  0.7627  0.6654  0.5855  0.5337
lambdaa     0.9350  0.9145  0.8826  0.8585  0.8310
Q_N         0.3813  0.3417  0.2212  0.2178  0.1726
Q_T         0.2260  0.1742  0.0476  0.0761  0.0620
D_N         0.5298  0.4773  0.3751  0.3725  0.3316
r              NaN     NaN     NaN     NaN     NaN
tauu       -0.0015  0.0212 -0.0684  0.0024 -0.0037
g           0.3580  0.1859  0.0417 -0.0248 -0.0653
a_N         0.8210  0.7015  0.5860  0.4850  0.4220
a_T         0.8223  0.6366  0.4925  0.3612  0.2404
xi          0.8016  0.6613  0.5394  0.4155  0.3525
DeudaPIB    0.8337  0.6954  0.5646  0.4798  0.4157



VARIANCE DECOMPOSITION SIMULATING ONE SHOCK AT A TIME (in percent)
                       v_tau               v_g             v_a_N             v_a_T              v_xi  Tot. lin. contr.
c_e                     1.12             59.29             23.21              3.43             11.01             98.07
c                       3.33              9.69             49.59              6.85             21.59             91.04
l                      62.79              1.46             11.96              3.30             13.52             93.04
i                      55.02              2.33             17.00              3.94             14.99             93.28
i_N                    43.13              3.21             14.41              7.18             24.06             92.00
i_T                    70.59              0.83             19.63              0.81              3.72             95.59
k_N                     1.02              3.65             48.31              8.13             26.24             87.37
k_T                     9.42              2.36             62.68              4.11             14.05             92.61
w                       0.57              0.91             44.39              9.46             31.44             86.77
w_N                    15.13              2.08             23.25             10.51             35.47             86.44
w_T                    60.24              3.23             35.74              0.72              2.25            102.18
r_N                    51.17              2.98              7.05              6.72             24.12             92.04
r_T                    67.36              4.85             26.86              0.38              1.37            100.82
l_N                    80.60              3.38              1.68              2.69             10.34             98.69
l_T                    68.26              5.42             21.00              1.86              6.12            102.66
p_N                    38.62              2.35             15.49              9.05             31.78             97.29
s                      38.62              2.35             15.49              9.05             31.78             97.29
y_N                    18.45              1.53             63.07              2.37              8.05             93.47
y_T                    30.18              2.01             19.81             47.63              3.77            103.40
p_X                    62.78              3.82             25.18             14.71              0.05            106.55
p_G                    38.62              2.35             15.49              9.05             31.78             97.29
b                      67.00              6.02             20.46              1.75              6.11            101.34
q                        NaN               NaN               NaN               NaN               NaN               NaN
y                       3.05              0.55             41.15              9.20             31.99             85.94
lambdaa                 4.01              3.23             52.49              7.07             22.15             88.94
Q_N                    45.54              3.20             12.51              7.11             23.93             92.29
Q_T                    72.79              0.79             18.13              0.68              3.35             95.75
D_N                    37.18              2.47             26.49              5.44             18.97             90.54
r                        NaN               NaN               NaN               NaN               NaN               NaN
tauu                   91.91              1.29              4.42              0.38              1.32             99.31
g                       0.07             97.57              1.95              0.42              1.46            101.47
a_N                     0.00              0.00            100.25              0.00              0.00            100.25
a_T                     0.00              0.00              0.00            100.25              0.00            100.25
xi                      0.00              0.00              0.00              0.00            100.25            100.25
DeudaPIB               55.12              5.25             26.06              2.66              9.34             98.43
Note: numbers do not add up to 100 due to non-zero correlation of simulated shocks in small samples

Total computing time : 0h00m38s
