Starting preprocessing of the model file ...
Found 35 equation(s).
Evaluating expressions...done
Computing static model derivatives (order 1).
Computing dynamic model derivatives (order 1).
Processing outputs ...
done
Preprocessing completed.
DYNARE_SOLVE (solve_algo=2|4): number of blocks = 8
DYNARE_SOLVE (solve_algo=2|4): solving block 7, of size 1
DYNARE_SOLVE (solve_algo=2|4): solving block 6, of size 1
DYNARE_SOLVE (solve_algo=2|4): solving block 5, of size 1
DYNARE_SOLVE (solve_algo=2|4): solving block 4, of size 1
DYNARE_SOLVE (solve_algo=2|4): solving block 3, of size 1
DYNARE_SOLVE (solve_algo=2|4): solving block 2, of size 29
DYNARE_SOLVE (solve_algo=2|4): solving block 1, of size 1
MODEL_DIAGNOSTICS:  No obvious problems with this mod-file were detected.

STEADY-STATE RESULTS:

c_e      		 0.320932
c        		 0.529004
l        		 0.204701
i        		 0.164055
i_N      		 0.108172
i_T      		 0.0558831
k_N      		 3.60573
k_T      		 1.86277
w        		 2.44818
w_N      		 2.89898
w_T      		 1.88803
r_N      		 0.0652082
r_T      		 0.0652082
l_N      		 0.121658
l_T      		 0.0786327
p_N      		 1.9162
s        		 0.414145
y_N      		 0.306757
y_T      		 0.310368
p_X      		 0.869705
p_G      		 1.20052
b        		 1.45957
q        		 0.98
y        		 0.857736
lambdaa  		 0.898931
Q_N      		 1
Q_T      		 1
D_N      		 0.408384
r        		 1.02041
tauu     		 0.226966
g        		 0.127101
a_N      		 0.65
a_T      		 0.95
xi       		 2.1
DeudaPIB 		 1.70165

EIGENVALUES:
         Modulus             Real        Imaginary

       1.103e-16       -1.103e-16                0
          0.3752           0.3752                0
            0.76             0.76                0
            0.82             0.82                0
            0.82             0.82                0
          0.8204           0.8204                0
          0.9203           0.9203                0
           0.976            0.976                0
           1.062            1.062                0
           1.241            1.241                0
       2.372e+17        2.372e+17                0
       4.299e+17       -4.299e+17                0
       6.935e+17        6.935e+17                0
       6.233e+18       -6.233e+18                0
       1.832e+19        1.832e+19                0
       2.269e+21       -2.269e+21                0


There are 8 eigenvalue(s) larger than 1 in modulus 
for 8 forward-looking variable(s)

The rank condition is verified.


MODEL SUMMARY

  Number of variables:         35
  Number of stochastic shocks: 5
  Number of state variables:   8
  Number of jumpers:           8
  Number of static variables:  19


MATRIX OF COVARIANCE OF EXOGENOUS SHOCKS
Variables        v_tau        v_g      v_a_N      v_a_T       v_xi
v_tau        82.992100   0.000000   0.000000   0.000000   0.000000
v_g           0.000000   5.382400   0.000000   0.000000   0.000000
v_a_N         0.000000   0.000000   2.190400   0.000000   0.000000
v_a_T         0.000000   0.000000   0.000000   2.190400   0.000000
v_xi          0.000000   0.000000   0.000000   0.000000   8.236900

POLICY AND TRANSITION FUNCTIONS
                                 c_e               c               l               i             i_N             i_T             k_N             k_T               w             w_N             w_T             r_N             r_T             l_N             l_T             p_N               s             y_N             y_T             p_X             p_G               b               q               y         lambdaa             Q_N             Q_T             D_N               r            tauu               g             a_N             a_T              xi        DeudaPIB
Constant                    0.320932        0.529004        0.204701        0.164055        0.108172        0.055883        3.605727        1.862769        2.448177        2.898983        1.888028        0.065208        0.065208        0.121658        0.078633        1.916197        0.414145        0.306757        0.310368        0.869705        1.200524        1.459566        0.980000        0.857736        0.898931        1.000000        1.000000        0.408384        1.020408        0.226966        0.127101        0.650000        0.950000        2.100000        1.701650
k_N(-1)                     0.013857        0.048032       -0.005938       -0.010309       -0.061308        0.050999        0.908692        0.050999        0.201596        0.155982        0.283477       -0.018329        0.012320       -0.007001        0.003050       -0.153579        0.069411        0.023438        0.006622        0.145763       -0.030665       -0.031901               0        0.048800       -0.126175       -0.043049        0.046543        0.016801               0               0               0               0               0               0       -0.096813
k_T(-1)                     0.014221        0.049293       -0.005218       -0.006613        0.088635       -0.095248        0.088635        0.874752        0.227847        0.344482        0.060173        0.007766       -0.038581        0.000033       -0.006816        0.227907       -0.103004        0.000050        0.060180       -0.216308        0.045507       -0.024033               0        0.055212       -0.129488        0.041789       -0.114304        0.021438               0               0               0               0               0               0       -0.109533
b(-1)                      -0.003606       -0.012499       -0.001804       -0.026612       -0.041058        0.014446       -0.041058        0.014446       -0.004103       -0.097482        0.140139       -0.004851        0.009215       -0.004959        0.005275       -0.095679        0.043243       -0.007503        0.011452        0.090810       -0.019104        0.934927               0       -0.005583        0.032833       -0.019358        0.013184       -0.018961               0        0.040566               0               0               0               0        1.176936
y(-1)                       0.024860        0.018152        0.001164       -0.015421       -0.009636       -0.005785       -0.009636       -0.005785        0.001892        0.056640       -0.082705        0.002868       -0.005393        0.002974       -0.003058        0.056178       -0.025390        0.004500       -0.006639       -0.053319        0.011217        0.043542               0        0.003533        0.009525       -0.004543       -0.005279        0.011259               0               0        0.014818               0               0               0       -0.007010
g(-1)                       0.620742        0.453244        0.029055       -0.385043       -0.240598       -0.144445       -0.240598       -0.144445        0.047248        1.414258       -2.065099        0.071620       -0.134650        0.074271       -0.076364        1.402736       -0.633974        0.112363       -0.165777       -1.331345        0.280087        1.087222               0        0.088226        0.237841       -0.113435       -0.131823        0.281128               0               0        0.370000               0               0               0       -0.175030
a_N(-1)                     0.040257        0.139543        0.032314        0.476574        0.169968        0.306606        0.169968        0.306606        1.771244        0.984157        3.088354        0.007390        0.176445       -0.027513        0.084146       -1.940179        0.876874        0.345362        0.182672        1.841436       -0.387399       -0.503955               0        0.797011       -0.366561        0.080135        0.279814        0.277840               0               0               0        0.820000               0               0       -1.581178
a_T(-1)                     0.013856        0.048028        0.012806        0.163413        0.153309        0.010105        0.153309        0.010105        0.649902        0.982111        0.172374        0.030951       -0.001324        0.016530       -0.008776        0.753308       -0.340462        0.025008        0.248845       -0.714970        0.150415       -0.130342               0        0.273521       -0.126162        0.072281        0.009222        0.103933               0               0               0               0        0.820000               0       -0.542634
xi(-1)                      0.005280        0.018300        0.005820        0.071198        0.062633        0.008565        0.062633        0.008565        0.270137        0.408213        0.071662        0.013023       -0.000391        0.007166       -0.003456        0.314972       -0.142353        0.010841       -0.007503        0.015808        0.062891       -0.055287               0        0.115775       -0.048073        0.029530        0.007816        0.043969               0               0               0               0               0        0.760000       -0.229684
v_tau                      -0.008458       -0.029317       -0.020065       -0.208194       -0.124643       -0.083551       -0.124643       -0.083551        0.029102       -0.466552        0.797595       -0.028156        0.047927       -0.032951        0.024576       -0.515983        0.233201       -0.049850        0.053351        0.489723       -0.103027       -0.464167               0       -0.055411        0.077013       -0.058766       -0.076251       -0.114751               0        0.226966               0               0               0               0        0.109929
v_g                         0.213235        0.155697        0.009981       -0.132268       -0.082649       -0.049619       -0.082649       -0.049619        0.016230        0.485820       -0.709394        0.024603       -0.046255        0.025513       -0.026232        0.481862       -0.217780        0.038598       -0.056947       -0.457338        0.096214        0.373478               0        0.030307        0.081702       -0.038967       -0.045283        0.096572               0               0        0.127101               0               0               0       -0.060125
v_a_N                       0.031911        0.110613        0.025615        0.377772        0.134731        0.243041        0.134731        0.243041        1.404035        0.780124        2.448086        0.005858        0.139865       -0.021809        0.066701       -1.537947        0.695083        0.273763        0.144801        1.459675       -0.307085       -0.399476               0        0.631777       -0.290567        0.063522        0.221804        0.220239               0               0               0        0.650000               0               0       -1.253373
v_a_T                       0.016052        0.055642        0.014836        0.189320        0.177614        0.011707        0.177614        0.011707        0.752936        1.137812        0.199701        0.035858       -0.001534        0.019151       -0.010167        0.872735       -0.394437        0.028973        0.288296       -0.828319        0.174261       -0.151005               0        0.316884       -0.146164        0.083740        0.010684        0.120411               0               0               0               0        0.950000               0       -0.628662
v_xi                        0.014588        0.050567        0.016082        0.196730        0.173064        0.023666        0.173064        0.023666        0.746431        1.127958        0.198013        0.035985       -0.001081        0.019801       -0.009550        0.870319       -0.393345        0.029956       -0.020732        0.043680        0.173778       -0.152767               0        0.319905       -0.132833        0.081595        0.021598        0.121493               0               0               0               0               0        2.100000       -0.634654


MOMENTS OF SIMULATED VARIABLES
VARIABLE              MEAN       STD. DEV.        VARIANCE        SKEWNESS        KURTOSIS
c_e               0.437116        0.672425        0.452155       -0.020219       -0.404812
c                 0.840779        1.322842        1.749912       -0.008195       -0.604485
l                 0.195028        0.230112        0.052952        0.051238        0.295662
i                 0.306101        2.499058        6.245293       -0.073105       -0.134003
i_N               0.210770        1.662301        2.763244       -0.048753       -0.077170
i_T               0.095331        0.944929        0.892891       -0.075179       -0.226856
k_N               6.725601       13.105352      171.750259        0.047580       -0.687554
k_T               3.015212        5.773836       33.337183       -0.100457       -1.197871
w                 3.839706        7.570889       57.318364        0.113223       -0.514492
w_N               4.541676       10.574853      111.827510        0.074319       -0.399749
w_T               2.969018        9.863559       97.289789       -0.036311       -0.150727
r_N               0.042709        0.360630        0.130054        0.037462        0.165363
r_T               0.059566        0.543984        0.295918        0.154480        0.521919
l_N               0.115696        0.334594        0.111953       -0.067172        0.014135
l_T               0.075244        0.282619        0.079873        0.162316        0.297370
p_N               1.798307        7.669628       58.823200       -0.063190        0.030994
s                 0.467426        3.466329       12.015438        0.063190        0.030994
y_N               0.484420        1.007582        1.015222       -0.074072       -0.628006
y_T               0.384787        1.038212        1.077885       -0.247170        0.067426
p_X               1.121634        5.799588       33.635226        0.107142        0.057633
p_G               1.176985        1.531409        2.345215       -0.063190        0.030994
b                -2.507123       16.704376      279.036188        0.054796        0.300292
q                 0.980000        0.000000        0.000000       -1.254698       -1.285207
y                 1.304922        2.961093        8.768074        0.163777       -0.454144
lambdaa           0.156428        3.183743       10.136221       -0.025041       -0.688148
Q_N               1.004375        0.773237        0.597896       -0.027790        0.139040
Q_T               1.004586        0.860794        0.740966       -0.013644       -0.065060
D_N               0.633850        1.650813        2.725184        0.027488       -0.424471
r                 1.020408        0.000000        0.000000        1.267470       -1.242690
tauu              0.100901        2.179267        4.749204        0.129467       -0.033831
g                 0.146914        0.317553        0.100840        0.103295       -0.116530
a_N               0.821270        1.595064        2.544230       -0.273840       -0.701855
a_T               0.936979        2.452846        6.016452       -0.146457       -0.198791
xi                2.438140       10.128845      102.593502        0.363377       -0.053311
DeudaPIB         -3.799220       22.585951      510.125204       -0.034137        0.239700


CORRELATION OF SIMULATED VARIABLES
VARIABLE         c_e         c         l         i       i_N       i_T       k_N       k_T         w       w_N       w_T       r_N       r_T       l_N       l_T       p_N         s       y_N       y_T       p_X       p_G         b         q         y   lambdaa       Q_N       Q_T       D_N         r      tauu         g       a_N       a_T        xi  DeudaPIB
c_e           1.0000    0.8202    0.2185    0.2739    0.3008    0.1952    0.5381    0.4641    0.5704    0.6445    0.0707    0.2370   -0.2591    0.3028   -0.3197    0.3037   -0.3037    0.5992    0.1501   -0.1923    0.3037   -0.4059   -0.1987    0.5609   -0.5661    0.1814    0.1137    0.6192    0.2127   -0.2597    0.8547    0.2931    0.1986    0.2612   -0.5466
c             0.8202    1.0000    0.1876    0.4992    0.5168    0.4110    0.8823    0.8006    0.8283    0.8584    0.2312    0.1540   -0.2731    0.2838   -0.3179    0.3183   -0.3183    0.8031    0.3106   -0.1460    0.3183   -0.6007   -0.3024    0.7825   -0.9359    0.3219    0.2729    0.7912    0.3226   -0.4168    0.4040    0.3853    0.2373    0.3504   -0.7656
l             0.2185    0.1876    1.0000    0.8792    0.8552    0.8209   -0.1314   -0.1452    0.2105    0.5419   -0.4783    0.9629   -0.4352    0.8908   -0.5635    0.6461   -0.6461    0.5604   -0.2578   -0.5491    0.6461    0.1488    0.0683    0.4663   -0.1358    0.9261    0.8754    0.7368   -0.0539   -0.7372    0.1791    0.2976    0.2531    0.3621   -0.1443
i             0.2739    0.4992    0.8792    1.0000    0.9768    0.9263    0.2875    0.2580    0.5391    0.7878   -0.2296    0.8057   -0.4096    0.7981   -0.5225    0.6116   -0.6116    0.7979   -0.0331   -0.4449    0.6116   -0.1328   -0.0733    0.7257   -0.5506    0.9496    0.9079    0.9148    0.0938   -0.8015   -0.0150    0.4314    0.2980    0.4462   -0.4334
i_N           0.3008    0.5168    0.8552    0.9768    1.0000    0.8242    0.2961    0.2388    0.5873    0.8337   -0.2094    0.8306   -0.4046    0.7950   -0.5423    0.6902   -0.6902    0.7505    0.0187   -0.4657    0.6902   -0.2039   -0.0789    0.7604   -0.5594    0.9717    0.8060    0.9105    0.1006   -0.7405    0.0121    0.3666    0.3815    0.5539   -0.4875
i_T           0.1952    0.4110    0.8209    0.9263    0.8242    1.0000    0.2395    0.2622    0.3926    0.6168   -0.2387    0.6696   -0.3717    0.7123   -0.4280    0.4033   -0.4033    0.7900   -0.1204   -0.3574    0.4033    0.0074   -0.0551    0.5816   -0.4721    0.8020    0.9832    0.8176    0.0710   -0.8171   -0.0609    0.4960    0.1169    0.2058   -0.2885
k_N           0.5381    0.8823   -0.1314    0.2875    0.2961    0.2395    1.0000    0.8873    0.6915    0.6786    0.2560   -0.1702   -0.2783    0.0689   -0.2640    0.1973   -0.1973    0.5709    0.2962   -0.0904    0.1973   -0.6051   -0.3183    0.5644   -0.9399    0.0623    0.0793    0.5499    0.3347   -0.3175    0.0598    0.1300    0.1136    0.2175   -0.6900
k_T           0.4641    0.8006   -0.1452    0.2580    0.2388    0.2622    0.8873    1.0000    0.6435    0.5773    0.3283   -0.2085   -0.2136   -0.0172   -0.1219    0.0381   -0.0381    0.5802    0.3592    0.0113    0.0381   -0.3543   -0.2662    0.5250   -0.8678    0.0302    0.0815    0.4881    0.2742   -0.2685    0.0156    0.2648    0.0257    0.0818   -0.4557
w             0.5704    0.8283    0.2105    0.5391    0.5873    0.3926    0.6915    0.6435    1.0000    0.8665    0.5608    0.2087    0.1382    0.1109    0.0206    0.2434   -0.2434    0.7586    0.6011    0.1490    0.2434   -0.5272   -0.1858    0.9619   -0.8423    0.4428    0.2836    0.7224    0.2039   -0.1290    0.1604    0.5639    0.4403    0.6284   -0.6556
w_N           0.6445    0.8584    0.5419    0.7878    0.8337    0.6168    0.6786    0.5773    0.8665    1.0000    0.0727    0.5566   -0.3396    0.5735   -0.4704    0.6476   -0.6476    0.8016    0.2743   -0.3341    0.6476   -0.4017   -0.1580    0.9177   -0.8400    0.7035    0.5278    0.9335    0.1804   -0.5369    0.2516    0.3374    0.4502    0.6618   -0.6458
w_T           0.0707    0.2312   -0.4783   -0.2296   -0.2094   -0.2387    0.2560    0.3283    0.5608    0.0727    1.0000   -0.5063    0.8394   -0.7296    0.8214   -0.5878    0.5878    0.1861    0.7461    0.8519   -0.5878   -0.3871   -0.1092    0.3997   -0.2897   -0.2821   -0.3087   -0.1049    0.1082    0.6327   -0.0968    0.5671    0.1331    0.1578   -0.2387
r_N           0.2370    0.1540    0.9629    0.8057    0.8306    0.6696   -0.1702   -0.2085    0.2087    0.5566   -0.5063    1.0000   -0.4599    0.8972   -0.6143    0.7751   -0.7751    0.4249   -0.2258   -0.6145    0.7751    0.1876    0.1182    0.4505   -0.0760    0.9100    0.7311    0.6829   -0.1051   -0.6344    0.2392    0.1337    0.3549    0.4955   -0.0891
r_T          -0.2591   -0.2731   -0.4352   -0.4096   -0.4046   -0.3717   -0.2783   -0.2136    0.1382   -0.3396    0.8394   -0.4599    1.0000   -0.7837    0.9651   -0.7287    0.7287   -0.1454    0.5318    0.9111   -0.7287   -0.1332    0.0398    0.0422    0.2340   -0.3539   -0.3434   -0.4356   -0.0479    0.7926   -0.1664    0.4711    0.0351   -0.0049    0.0811
l_N           0.3028    0.2838    0.8908    0.7981    0.7950    0.7123    0.0689   -0.0172    0.1109    0.5735   -0.7296    0.8972   -0.7837    1.0000   -0.8774    0.8493   -0.8493    0.4393   -0.4175   -0.8351    0.8493    0.1208    0.0273    0.3263   -0.2225    0.8136    0.7389    0.7270   -0.0120   -0.8683    0.2266   -0.0650    0.2054    0.3192   -0.1784
l_T          -0.3197   -0.3179   -0.5635   -0.5225   -0.5423   -0.4280   -0.2640   -0.1219    0.0206   -0.4704    0.8214   -0.6143    0.9651   -0.8774    1.0000   -0.8617    0.8617   -0.2070    0.4867    0.9384   -0.8617   -0.0625    0.0225   -0.1008    0.2612   -0.5014   -0.4190   -0.5436   -0.0351    0.8001   -0.2228    0.4322   -0.1062   -0.1980    0.1720
p_N           0.3037    0.3183    0.6461    0.6116    0.6902    0.4033    0.1973    0.0381    0.2434    0.6476   -0.5878    0.7751   -0.7287    0.8493   -0.8617    1.0000   -1.0000    0.2118   -0.2141   -0.8175    1.0000    0.0918    0.0814    0.3704   -0.2716    0.6724    0.4093    0.6077   -0.0678   -0.5894    0.1969   -0.3547    0.3979    0.6050   -0.1461
s            -0.3037   -0.3183   -0.6461   -0.6116   -0.6902   -0.4033   -0.1973   -0.0381   -0.2434   -0.6476    0.5878   -0.7751    0.7287   -0.8493    0.8617   -1.0000    1.0000   -0.2118    0.2141    0.8175   -1.0000   -0.0918   -0.0814   -0.3704    0.2716   -0.6724   -0.4093   -0.6077    0.0678    0.5894   -0.1969    0.3547   -0.3979   -0.6050    0.1461
y_N           0.5992    0.8031    0.5604    0.7979    0.7505    0.7900    0.5709    0.5802    0.7586    0.8016    0.1861    0.4249   -0.1454    0.4393   -0.2070    0.2118   -0.2118    1.0000    0.2160   -0.0741    0.2118   -0.4568   -0.2518    0.8411   -0.7883    0.6431    0.7060    0.9048    0.2729   -0.6051    0.2293    0.7526    0.1871    0.2650   -0.6886
y_T           0.1501    0.3106   -0.2578   -0.0331    0.0187   -0.1204    0.2962    0.3592    0.6011    0.2743    0.7461   -0.2258    0.5318   -0.4175    0.4867   -0.2141    0.2141    0.2160    1.0000    0.3452   -0.2141   -0.2456   -0.0445    0.4854   -0.3550   -0.0537   -0.1923    0.0822    0.0434    0.4189   -0.0418    0.3903    0.7119    0.1057   -0.1910
p_X          -0.1923   -0.1460   -0.5491   -0.4449   -0.4657   -0.3574   -0.0904    0.0113    0.1490   -0.3341    0.8519   -0.6145    0.9111   -0.8351    0.9384   -0.8175    0.8175   -0.0741    0.3452    1.0000   -0.8175   -0.2138   -0.0511    0.0153    0.0920   -0.4643   -0.3712   -0.4164    0.0441    0.7168   -0.1750    0.4815   -0.3101   -0.0361    0.0015
p_G           0.3037    0.3183    0.6461    0.6116    0.6902    0.4033    0.1973    0.0381    0.2434    0.6476   -0.5878    0.7751   -0.7287    0.8493   -0.8617    1.0000   -1.0000    0.2118   -0.2141   -0.8175    1.0000    0.0918    0.0814    0.3704   -0.2716    0.6724    0.4093    0.6077   -0.0678   -0.5894    0.1969   -0.3547    0.3979    0.6050   -0.1461
b            -0.4059   -0.6007    0.1488   -0.1328   -0.2039    0.0074   -0.6051   -0.3543   -0.5272   -0.4017   -0.3871    0.1876   -0.1332    0.1208   -0.0625    0.0918   -0.0918   -0.4568   -0.2456   -0.2138    0.0918    1.0000    0.4071   -0.4297    0.6156   -0.0635    0.0747   -0.3312   -0.4289    0.0764   -0.1039   -0.3388   -0.0723   -0.1363    0.9425
q            -0.1987   -0.3024    0.0683   -0.0733   -0.0789   -0.0551   -0.3183   -0.2662   -0.1858   -0.1580   -0.1092    0.1182    0.0398    0.0273    0.0225    0.0814   -0.0814   -0.2518   -0.0445   -0.0511    0.0814    0.4071    1.0000   -0.1442    0.3135   -0.0038   -0.0065   -0.1692   -0.9994    0.1355   -0.0432   -0.1671    0.0684    0.0706    0.4021
y             0.5609    0.7825    0.4663    0.7257    0.7604    0.5816    0.5644    0.5250    0.9619    0.9177    0.3997    0.4505    0.0422    0.3263   -0.1008    0.3704   -0.3704    0.8411    0.4854    0.0153    0.3704   -0.4297   -0.1442    1.0000   -0.7821    0.6550    0.5013    0.8448    0.1641   -0.2994    0.1868    0.6206    0.4667    0.6638   -0.6224
lambdaa      -0.5661   -0.9359   -0.1358   -0.5506   -0.5594   -0.4721   -0.9399   -0.8678   -0.8423   -0.8400   -0.2897   -0.0760    0.2340   -0.2225    0.2612   -0.2716    0.2716   -0.7883   -0.3550    0.0920   -0.2716    0.6156    0.3135   -0.7821    1.0000   -0.3522   -0.3233   -0.7588   -0.3338    0.4407   -0.0559   -0.3747   -0.2197   -0.3441    0.7666
Q_N           0.1814    0.3219    0.9261    0.9496    0.9717    0.8020    0.0623    0.0302    0.4428    0.7035   -0.2821    0.9100   -0.3539    0.8136   -0.5014    0.6724   -0.6724    0.6431   -0.0537   -0.4643    0.6724   -0.0635   -0.0038    0.6550   -0.3522    1.0000    0.8226    0.8155    0.0224   -0.6953   -0.0022    0.3509    0.3706    0.5250   -0.3389
Q_T           0.1137    0.2729    0.8754    0.9079    0.8060    0.9832    0.0793    0.0815    0.2836    0.5278   -0.3087    0.7311   -0.3434    0.7389   -0.4190    0.4093   -0.4093    0.7060   -0.1923   -0.3712    0.4093    0.0747   -0.0065    0.5013   -0.3233    0.8226    1.0000    0.7520    0.0214   -0.7931   -0.0658    0.4622    0.1159    0.1970   -0.2117
D_N           0.6192    0.7912    0.7368    0.9148    0.9105    0.8176    0.5499    0.4881    0.7224    0.9335   -0.1049    0.6829   -0.4356    0.7270   -0.5436    0.6077   -0.6077    0.9048    0.0822   -0.4164    0.6077   -0.3312   -0.1692    0.8448   -0.7588    0.8155    0.7520    1.0000    0.1922   -0.7485    0.2721    0.4570    0.3254    0.4789   -0.6232
r             0.2127    0.3226   -0.0539    0.0938    0.1006    0.0710    0.3347    0.2742    0.2039    0.1804    0.1082   -0.1051   -0.0479   -0.0120   -0.0351   -0.0678    0.0678    0.2729    0.0434    0.0441   -0.0678   -0.4289   -0.9994    0.1641   -0.3338    0.0224    0.0214    0.1922    1.0000   -0.1527    0.0474    0.1767   -0.0632   -0.0567   -0.4284
tauu         -0.2597   -0.4168   -0.7372   -0.8015   -0.7405   -0.8171   -0.3175   -0.2685   -0.1290   -0.5369    0.6327   -0.6344    0.7926   -0.8683    0.8001   -0.5894    0.5894   -0.6051    0.4189    0.7168   -0.5894    0.0764    0.1355   -0.2994    0.4407   -0.6953   -0.7931   -0.7485   -0.1527    1.0000   -0.0371   -0.0895    0.0052   -0.0317    0.3590
g             0.8547    0.4040    0.1791   -0.0150    0.0121   -0.0609    0.0598    0.0156    0.1604    0.2516   -0.0968    0.2392   -0.1664    0.2266   -0.2228    0.1969   -0.1969    0.2293   -0.0418   -0.1750    0.1969   -0.1039   -0.0432    0.1868   -0.0559   -0.0022   -0.0658    0.2721    0.0474   -0.0371    1.0000    0.1190    0.1022    0.0997   -0.1792
a_N           0.2931    0.3853    0.2976    0.4314    0.3666    0.4960    0.1300    0.2648    0.5639    0.3374    0.5671    0.1337    0.4711   -0.0650    0.4322   -0.3547    0.3547    0.7526    0.3903    0.4815   -0.3547   -0.3388   -0.1671    0.6206   -0.3747    0.3509    0.4622    0.4570    0.1767   -0.0895    0.1190    1.0000    0.0725    0.0501   -0.4181
a_T           0.1986    0.2373    0.2531    0.2980    0.3815    0.1169    0.1136    0.0257    0.4403    0.4502    0.1331    0.3549    0.0351    0.2054   -0.1062    0.3979   -0.3979    0.1871    0.7119   -0.3101    0.3979   -0.0723    0.0684    0.4667   -0.2197    0.3706    0.1159    0.3254   -0.0632    0.0052    0.1022    0.0725    1.0000    0.2617   -0.1517
xi            0.2612    0.3504    0.3621    0.4462    0.5539    0.2058    0.2175    0.0818    0.6284    0.6618    0.1578    0.4955   -0.0049    0.3192   -0.1980    0.6050   -0.6050    0.2650    0.1057   -0.0361    0.6050   -0.1363    0.0706    0.6638   -0.3441    0.5250    0.1970    0.4789   -0.0567   -0.0317    0.0997    0.0501    0.2617    1.0000   -0.2514
DeudaPIB     -0.5466   -0.7656   -0.1443   -0.4334   -0.4875   -0.2885   -0.6900   -0.4557   -0.6556   -0.6458   -0.2387   -0.0891    0.0811   -0.1784    0.1720   -0.1461    0.1461   -0.6886   -0.1910    0.0015   -0.1461    0.9425    0.4021   -0.6224    0.7666   -0.3389   -0.2117   -0.6232   -0.4284    0.3590   -0.1792   -0.4181   -0.1517   -0.2514    1.0000


AUTOCORRELATION OF SIMULATED VARIABLES
VARIABLE         1       2       3       4       5
c_e         0.5799  0.4479  0.3335  0.2726  0.2289
c           0.8924  0.8459  0.7961  0.7619  0.7290
l           0.2800  0.2267  0.1010  0.1329  0.1025
i           0.3202  0.2851  0.1707  0.1946  0.1710
i_N         0.3793  0.3371  0.2267  0.2395  0.2086
i_T         0.3062  0.2442  0.1141  0.1247  0.1043
k_N         0.9897  0.9766  0.9589  0.9383  0.9147
k_T         0.9844  0.9638  0.9377  0.9090  0.8776
w           0.9011  0.8212  0.7434  0.6613  0.6149
w_N         0.7588  0.6845  0.5931  0.5481  0.5003
w_T         0.3478  0.2945  0.1988  0.1858  0.1518
r_N         0.3628  0.2950  0.1714  0.1827  0.1392
r_T         0.2743  0.2193  0.1167  0.1132  0.0787
l_N         0.1213  0.0809 -0.0382  0.0137 -0.0162
l_T         0.2647  0.2066  0.0981  0.1045  0.0641
p_N         0.4733  0.3852  0.2689  0.2411  0.1801
s           0.4733  0.3852  0.2689  0.2411  0.1801
y_N         0.7120  0.6337  0.5346  0.4998  0.4630
y_T         0.6048  0.4942  0.3705  0.3132  0.2204
p_X         0.3148  0.2376  0.1326  0.1095  0.0737
p_G         0.4733  0.3852  0.2689  0.2411  0.1801
b           0.9608  0.9173  0.8706  0.8288  0.7896
q           4.5190  4.4796  4.4361  4.3871  4.3391
y           0.8516  0.7527  0.6504  0.5642  0.5112
lambdaa     0.9350  0.9142  0.8836  0.8617  0.8368
Q_N         0.3428  0.2987  0.1827  0.1976  0.1662
Q_T         0.2824  0.2186  0.0846  0.0964  0.0765
D_N         0.5351  0.4704  0.3622  0.3584  0.3218
r           4.1969  4.1596  4.1178  4.0714  4.0260
tauu        0.0760  0.0710 -0.0283  0.0270  0.0171
g           0.3532  0.1815  0.0379 -0.0280 -0.0690
a_N         0.8210  0.7015  0.5860  0.4850  0.4220
a_T         0.8223  0.6366  0.4925  0.3612  0.2404
xi          0.8016  0.6613  0.5394  0.4155  0.3525
DeudaPIB    0.9534  0.9154  0.8717  0.8348  0.7993



VARIANCE DECOMPOSITION SIMULATING ONE SHOCK AT A TIME (in percent)
                       v_tau               v_g             v_a_N             v_a_T              v_xi  Tot. lin. contr.
c_e                     1.88             62.16             21.27              3.49             10.74             99.54
c                       5.10             10.40             46.60              7.19             21.64             90.93
l                      65.64              1.33             10.57              3.15             12.75             93.44
i                      58.82              1.93             14.87              3.77             14.12             93.50
i_N                    50.04              2.07             11.25              6.71             22.37             92.44
i_T                    66.12              1.61             25.04              0.62              3.20             96.60
k_N                     3.08              3.21             44.86              8.39             25.55             85.10
k_T                    25.98              1.21             54.29              3.52             11.68             96.67
w                       1.77              0.69             42.56              9.78             32.06             86.87
w_N                    16.39              2.03             21.08             10.81             35.76             86.06
w_T                    58.18              3.09             37.74              0.74              2.30            102.05
r_N                    52.88              3.05              5.77              6.63             23.68             92.01
r_T                    64.35              4.52             28.77              0.31              1.04             98.99
l_N                    83.19              3.44              1.79              2.26              8.58             99.26
l_T                    64.55              5.41             25.95              1.46              4.52            101.89
p_N                    37.94              2.35             18.00              8.64             30.18             97.12
s                      37.94              2.35             18.00              8.64             30.18             97.12
y_N                    20.75              1.55             61.96              2.38              7.62             94.26
y_T                    30.41              1.82             19.03             50.99              1.97            104.22
p_X                    59.78              3.70             28.36             13.62              0.15            105.60
p_G                    37.94              2.35             18.00              8.64             30.18             97.12
b                      51.62              5.83             35.08              3.80             11.66            107.99
q                       4.55              1.14             11.72              1.14              3.36             21.91
y                       3.42              0.39             40.27              9.48             32.62             86.18
lambdaa                 5.86              2.89             49.18              7.42             22.16             87.51
Q_N                    52.81              2.02              9.30              6.58             22.17             92.88
Q_T                    67.51              1.63             24.07              0.50              2.91             96.62
D_N                    40.54              2.57             23.97              5.42             18.33             90.83
r                       5.34              1.25             12.58              1.18              3.38             23.74
tauu                   93.55              0.56              3.39              0.37              1.13             99.00
g                       0.10             98.35              1.76              0.40              1.38            102.00
a_N                     0.00              0.00            100.25              0.00              0.00            100.25
a_T                     0.00              0.00              0.00            100.25              0.00            100.25
xi                      0.00              0.00              0.00              0.00            100.25            100.25
DeudaPIB               36.67              4.90             39.87              4.79             14.87            101.10
Note: numbers do not add up to 100 due to non-zero correlation of simulated shocks in small samples

Total computing time : 0h00m25s
